2.1e-07,4.8e-07,1.5e-06,1.6e-06,3.95608,-863249,-9.88925e+10
2.10588e-07,4.8e-07,1.5e-06,1.6e-06,3.90455,-777997,-1.35234e+11
2.11176e-07,4.8e-07,1.5e-06,1.6e-06,3.90242,-773829,-1.36371e+11
2.11765e-07,4.8e-07,1.5e-06,1.6e-06,3.89825,-765745,-1.38564e+11
2.12353e-07,4.8e-07,1.5e-06,1.6e-06,3.89615,-761638,-1.39679e+11
2.12941e-07,4.8e-07,1.5e-06,1.6e-06,3.89205,-753676,-1.4183e+11
2.13529e-07,4.8e-07,1.5e-06,1.6e-06,3.89,-749643,-1.42919e+11
2.14118e-07,4.8e-07,1.5e-06,1.6e-06,3.88592,-741739,-1.45031e+11
2.14706e-07,4.8e-07,1.5e-06,1.6e-06,3.88395,-737851,-1.46084e+11
2.15294e-07,4.8e-07,1.5e-06,1.6e-06,3.88,-730129,-1.48152e+11
2.15882e-07,4.8e-07,1.5e-06,1.6e-06,3.87802,-726234,-1.49192e+11
2.16471e-07,4.8e-07,1.5e-06,1.6e-06,3.87413,-718627,-1.51218e+11
2.17059e-07,4.8e-07,1.5e-06,1.6e-06,3.87219,-714799,-1.52235e+11
2.17647e-07,4.8e-07,1.5e-06,1.6e-06,3.86838,-707313,-1.54219e+11
2.18235e-07,4.8e-07,1.5e-06,1.6e-06,3.86647,-703551,-1.55212e+11
2.18824e-07,4.8e-07,1.5e-06,1.6e-06,3.86275,-696220,-1.57137e+11
2.19412e-07,4.8e-07,1.5e-06,1.6e-06,3.86084,-692476,-1.58109e+11
2.2e-07,4.8e-07,1.5e-06,1.6e-06,3.9046,-762008,-1.26936e+11
2.20588e-07,4.8e-07,1.5e-06,1.6e-06,3.85607,-682446,-1.60727e+11
2.21176e-07,4.8e-07,1.5e-06,1.6e-06,3.8525,-675460,-1.62549e+11
2.21765e-07,4.8e-07,1.5e-06,1.6e-06,3.85069,-671884,-1.63477e+11
2.22353e-07,4.8e-07,1.5e-06,1.6e-06,3.84718,-664996,-1.65255e+11
2.22941e-07,4.8e-07,1.5e-06,1.6e-06,3.8454,-661481,-1.66162e+11
2.23529e-07,4.8e-07,1.5e-06,1.6e-06,3.84195,-654695,-1.67905e+11
2.24118e-07,4.8e-07,1.5e-06,1.6e-06,3.84021,-651245,-1.68788e+11
2.24706e-07,4.8e-07,1.5e-06,1.6e-06,3.83848,-647810,-1.69667e+11
2.25294e-07,4.8e-07,1.5e-06,1.6e-06,3.83509,-641144,-1.71365e+11
2.25882e-07,4.8e-07,1.5e-06,1.6e-06,3.8334,-637783,-1.72223e+11
2.26471e-07,4.8e-07,1.5e-06,1.6e-06,3.83009,-631229,-1.73888e+11
2.27059e-07,4.8e-07,1.5e-06,1.6e-06,3.82842,-627910,-1.74727e+11
2.27647e-07,4.8e-07,1.5e-06,1.6e-06,3.82517,-621465,-1.76354e+11
2.28235e-07,4.8e-07,1.5e-06,1.6e-06,3.82353,-618202,-1.77174e+11
2.28824e-07,4.8e-07,1.5e-06,1.6e-06,3.82036,-611887,-1.7875e+11
2.29412e-07,4.8e-07,1.5e-06,1.6e-06,3.81875,-608679,-1.79551e+11
2.3e-07,4.8e-07,1.5e-06,1.6e-06,3.86049,-674720,-1.50128e+11
2.1e-07,4.81176e-07,1.5e-06,1.6e-06,3.95217,-857948,-9.98911e+10
2.10588e-07,4.81176e-07,1.5e-06,1.6e-06,3.90182,-774411,-1.35596e+11
2.11176e-07,4.81176e-07,1.5e-06,1.6e-06,3.89971,-770271,-1.36723e+11
2.11765e-07,4.81176e-07,1.5e-06,1.6e-06,3.8956,-762266,-1.38903e+11
2.12353e-07,4.81176e-07,1.5e-06,1.6e-06,3.89355,-758214,-1.40004e+11
2.12941e-07,4.81176e-07,1.5e-06,1.6e-06,3.8895,-750317,-1.42136e+11
2.13529e-07,4.81176e-07,1.5e-06,1.6e-06,3.88746,-746311,-1.43215e+11
2.14118e-07,4.81176e-07,1.5e-06,1.6e-06,3.88346,-738514,-1.45299e+11
2.14706e-07,4.81176e-07,1.5e-06,1.6e-06,3.88147,-734591,-1.46357e+11
2.15294e-07,4.81176e-07,1.5e-06,1.6e-06,3.87752,-726869,-1.48414e+11
2.15882e-07,4.81176e-07,1.5e-06,1.6e-06,3.87556,-723001,-1.49445e+11
2.16471e-07,4.81176e-07,1.5e-06,1.6e-06,3.87172,-715460,-1.51453e+11
2.17059e-07,4.81176e-07,1.5e-06,1.6e-06,3.86984,-711723,-1.52452e+11
2.17647e-07,4.81176e-07,1.5e-06,1.6e-06,3.86604,-704255,-1.54422e+11
2.18235e-07,4.81176e-07,1.5e-06,1.6e-06,3.86415,-700518,-1.55406e+11
2.18824e-07,4.81176e-07,1.5e-06,1.6e-06,3.8605,-693293,-1.573e+11
2.19412e-07,4.81176e-07,1.5e-06,1.6e-06,3.85867,-689643,-1.58268e+11
2.2e-07,4.81176e-07,1.5e-06,1.6e-06,3.90127,-757558,-1.27616e+11
2.20588e-07,4.81176e-07,1.5e-06,1.6e-06,3.85383,-679526,-1.60879e+11
2.21176e-07,4.81176e-07,1.5e-06,1.6e-06,3.8503,-672592,-1.62677e+11
2.21765e-07,4.81176e-07,1.5e-06,1.6e-06,3.8485,-669038,-1.63599e+11
2.22353e-07,4.81176e-07,1.5e-06,1.6e-06,3.84499,-662148,-1.65368e+11
2.22941e-07,4.81176e-07,1.5e-06,1.6e-06,3.84323,-658662,-1.66264e+11
2.23529e-07,4.81176e-07,1.5e-06,1.6e-06,3.83987,-651995,-1.67985e+11
2.24118e-07,4.81176e-07,1.5e-06,1.6e-06,3.83814,-648564,-1.68863e+11
2.24706e-07,4.81176e-07,1.5e-06,1.6e-06,3.83625,-644985,-1.69704e+11
2.25294e-07,4.81176e-07,1.5e-06,1.6e-06,3.83293,-638400,-1.71391e+11
2.25882e-07,4.81176e-07,1.5e-06,1.6e-06,3.83124,-635048,-1.72242e+11
2.26471e-07,4.81176e-07,1.5e-06,1.6e-06,3.82796,-628542,-1.7389e+11
2.27059e-07,4.81176e-07,1.5e-06,1.6e-06,3.82628,-625205,-1.74721e+11
2.27647e-07,4.81176e-07,1.5e-06,1.6e-06,3.82305,-618795,-1.76336e+11
2.28235e-07,4.81176e-07,1.5e-06,1.6e-06,3.82145,-615582,-1.7714e+11
2.28824e-07,4.81176e-07,1.5e-06,1.6e-06,3.8183,-609309,-1.78701e+11
2.29412e-07,4.81176e-07,1.5e-06,1.6e-06,3.81673,-606134,-1.79509e+11
2.3e-07,4.81176e-07,1.5e-06,1.6e-06,3.85791,-671146,-1.50612e+11
2.1e-07,4.82353e-07,1.5e-06,1.6e-06,3.94893,-853611,-1.00485e+11
2.10588e-07,4.82353e-07,1.5e-06,1.6e-06,3.899,-770746,-1.35917e+11
2.11176e-07,4.82353e-07,1.5e-06,1.6e-06,3.89691,-766632,-1.37035e+11
2.11765e-07,4.82353e-07,1.5e-06,1.6e-06,3.89283,-758679,-1.39187e+11
2.12353e-07,4.82353e-07,1.5e-06,1.6e-06,3.89078,-754632,-1.40282e+11
2.12941e-07,4.82353e-07,1.5e-06,1.6e-06,3.88673,-746741,-1.42398e+11
2.13529e-07,4.82353e-07,1.5e-06,1.6e-06,3.88471,-742767,-1.43456e+11
2.14118e-07,4.82353e-07,1.5e-06,1.6e-06,3.88085,-735143,-1.45521e+11
2.14706e-07,4.82353e-07,1.5e-06,1.6e-06,3.87887,-731237,-1.46566e+11
2.15294e-07,4.82353e-07,1.5e-06,1.6e-06,3.875,-723636,-1.48595e+11
2.15882e-07,4.82353e-07,1.5e-06,1.6e-06,3.87306,-719796,-1.49617e+11
2.16471e-07,4.82353e-07,1.5e-06,1.6e-06,3.86924,-712279,-1.51604e+11
2.17059e-07,4.82353e-07,1.5e-06,1.6e-06,3.86736,-708541,-1.52601e+11
2.17647e-07,4.82353e-07,1.5e-06,1.6e-06,3.86363,-701167,-1.54552e+11
2.18235e-07,4.82353e-07,1.5e-06,1.6e-06,3.86176,-697456,-1.55528e+11
2.18824e-07,4.82353e-07,1.5e-06,1.6e-06,3.85813,-690244,-1.57427e+11
2.19412e-07,4.82353e-07,1.5e-06,1.6e-06,3.8563,-686597,-1.5838e+11
2.2e-07,4.82353e-07,1.5e-06,1.6e-06,3.89855,-753955,-1.27937e+11
2.20588e-07,4.82353e-07,1.5e-06,1.6e-06,3.85138,-676456,-1.60936e+11
2.21176e-07,4.82353e-07,1.5e-06,1.6e-06,3.84788,-669564,-1.62716e+11
2.21765e-07,4.82353e-07,1.5e-06,1.6e-06,3.84608,-666015,-1.63622e+11
2.22353e-07,4.82353e-07,1.5e-06,1.6e-06,3.84265,-659237,-1.6537e+11
2.22941e-07,4.82353e-07,1.5e-06,1.6e-06,3.84091,-655773,-1.66259e+11
2.23529e-07,4.82353e-07,1.5e-06,1.6e-06,3.83753,-649081,-1.6797e+11
2.24118e-07,4.82353e-07,1.5e-06,1.6e-06,3.83582,-645674,-1.6884e+11
2.24706e-07,4.82353e-07,1.5e-06,1.6e-06,3.83411,-642274,-1.69709e+11
2.25294e-07,4.82353e-07,1.5e-06,1.6e-06,3.83081,-635717,-1.71374e+11
2.25882e-07,4.82353e-07,1.5e-06,1.6e-06,3.82917,-632431,-1.72215e+11
2.26471e-07,4.82353e-07,1.5e-06,1.6e-06,3.82592,-625970,-1.73847e+11
2.27059e-07,4.82353e-07,1.5e-06,1.6e-06,3.82428,-622691,-1.74661e+11
2.27647e-07,4.82353e-07,1.5e-06,1.6e-06,3.8211,-616344,-1.76266e+11
2.28235e-07,4.82353e-07,1.5e-06,1.6e-06,3.81946,-613071,-1.77077e+11
2.28824e-07,4.82353e-07,1.5e-06,1.6e-06,3.81635,-606842,-1.78625e+11
2.29412e-07,4.82353e-07,1.5e-06,1.6e-06,3.81476,-603667,-1.7941e+11
2.3e-07,4.82353e-07,1.5e-06,1.6e-06,3.85566,-668252,-1.50672e+11
2.1e-07,4.83529e-07,1.5e-06,1.6e-06,3.94584,-849483,-1.01039e+11
2.10588e-07,4.83529e-07,1.5e-06,1.6e-06,3.89631,-767269,-1.36191e+11
2.11176e-07,4.83529e-07,1.5e-06,1.6e-06,3.89424,-763185,-1.37299e+11
2.11765e-07,4.83529e-07,1.5e-06,1.6e-06,3.89017,-755240,-1.39434e+11
2.12353e-07,4.83529e-07,1.5e-06,1.6e-06,3.88813,-751226,-1.40518e+11
2.12941e-07,4.83529e-07,1.5e-06,1.6e-06,3.88421,-743505,-1.42603e+11
2.13529e-07,4.83529e-07,1.5e-06,1.6e-06,3.88223,-739568,-1.43669e+11
2.14118e-07,4.83529e-07,1.5e-06,1.6e-06,3.87834,-731908,-1.4572e+11
2.14706e-07,4.83529e-07,1.5e-06,1.6e-06,3.87638,-728029,-1.46756e+11
2.15294e-07,4.83529e-07,1.5e-06,1.6e-06,3.87253,-720465,-1.4876e+11
2.15882e-07,4.83529e-07,1.5e-06,1.6e-06,3.87056,-716594,-1.49777e+11
2.16471e-07,4.83529e-07,1.5e-06,1.6e-06,3.86682,-709174,-1.51753e+11
2.17059e-07,4.83529e-07,1.5e-06,1.6e-06,3.86493,-705426,-1.52743e+11
2.17647e-07,4.83529e-07,1.5e-06,1.6e-06,3.86124,-698106,-1.54676e+11
2.18235e-07,4.83529e-07,1.5e-06,1.6e-06,3.85939,-694424,-1.55642e+11
2.18824e-07,4.83529e-07,1.5e-06,1.6e-06,3.8558,-687281,-1.57508e+11
2.19412e-07,4.83529e-07,1.5e-06,1.6e-06,3.85373,-683406,-1.58431e+11
2.2e-07,4.83529e-07,1.5e-06,1.6e-06,3.89619,-750644,-1.28345e+11
2.20588e-07,4.83529e-07,1.5e-06,1.6e-06,3.84916,-673616,-1.60993e+11
2.21176e-07,4.83529e-07,1.5e-06,1.6e-06,3.84567,-666764,-1.62747e+11
2.21765e-07,4.83529e-07,1.5e-06,1.6e-06,3.84393,-663271,-1.63654e+11
2.22353e-07,4.83529e-07,1.5e-06,1.6e-06,3.84052,-656528,-1.65384e+11
2.22941e-07,4.83529e-07,1.5e-06,1.6e-06,3.83875,-653031,-1.66271e+11
2.23529e-07,4.83529e-07,1.5e-06,1.6e-06,3.83537,-646356,-1.67965e+11
2.24118e-07,4.83529e-07,1.5e-06,1.6e-06,3.83367,-642961,-1.68826e+11
2.24706e-07,4.83529e-07,1.5e-06,1.6e-06,3.83202,-639635,-1.69681e+11
2.25294e-07,4.83529e-07,1.5e-06,1.6e-06,3.82875,-633126,-1.7133e+11
2.25882e-07,4.83529e-07,1.5e-06,1.6e-06,3.82715,-629904,-1.72146e+11
2.26471e-07,4.83529e-07,1.5e-06,1.6e-06,3.82394,-623488,-1.73763e+11
2.27059e-07,4.83529e-07,1.5e-06,1.6e-06,3.82233,-620253,-1.74586e+11
2.27647e-07,4.83529e-07,1.5e-06,1.6e-06,3.81914,-613892,-1.76172e+11
2.28235e-07,4.83529e-07,1.5e-06,1.6e-06,3.81755,-610697,-1.76969e+11
2.28824e-07,4.83529e-07,1.5e-06,1.6e-06,3.81447,-604509,-1.78503e+11
2.29412e-07,4.83529e-07,1.5e-06,1.6e-06,3.81299,-601531,-1.79177e+11
2.3e-07,4.83529e-07,1.5e-06,1.6e-06,3.85356,-665583,-1.50676e+11
2.1e-07,4.84706e-07,1.5e-06,1.6e-06,3.94278,-845418,-1.01537e+11
2.10588e-07,4.84706e-07,1.5e-06,1.6e-06,3.89359,-763743,-1.36471e+11
2.11176e-07,4.84706e-07,1.5e-06,1.6e-06,3.89151,-759644,-1.3757e+11
2.11765e-07,4.84706e-07,1.5e-06,1.6e-06,3.88755,-751854,-1.39681e+11
2.12353e-07,4.84706e-07,1.5e-06,1.6e-06,3.88556,-747892,-1.40751e+11
2.12941e-07,4.84706e-07,1.5e-06,1.6e-06,3.88164,-740173,-1.42822e+11
2.13529e-07,4.84706e-07,1.5e-06,1.6e-06,3.87966,-736256,-1.43871e+11
2.14118e-07,4.84706e-07,1.5e-06,1.6e-06,3.87576,-728595,-1.45909e+11
2.14706e-07,4.84706e-07,1.5e-06,1.6e-06,3.8736,-724510,-1.46923e+11
2.15294e-07,4.84706e-07,1.5e-06,1.6e-06,3.86982,-717032,-1.48919e+11
2.15882e-07,4.84706e-07,1.5e-06,1.6e-06,3.86797,-713311,-1.49914e+11
2.16471e-07,4.84706e-07,1.5e-06,1.6e-06,3.86424,-705924,-1.51866e+11
2.17059e-07,4.84706e-07,1.5e-06,1.6e-06,3.86234,-702177,-1.52841e+11
2.17647e-07,4.84706e-07,1.5e-06,1.6e-06,3.85868,-694901,-1.54755e+11
2.18235e-07,4.84706e-07,1.5e-06,1.6e-06,3.85685,-691250,-1.5571e+11
2.18824e-07,4.84706e-07,1.5e-06,1.6e-06,3.85331,-684161,-1.57566e+11
2.19412e-07,4.84706e-07,1.5e-06,1.6e-06,3.85151,-680569,-1.58501e+11
2.2e-07,4.84706e-07,1.5e-06,1.6e-06,3.89371,-747392,-1.28583e+11
2.20588e-07,4.84706e-07,1.5e-06,1.6e-06,3.8469,-670747,-1.61031e+11
2.21176e-07,4.84706e-07,1.5e-06,1.6e-06,3.84347,-663977,-1.62766e+11
2.21765e-07,4.84706e-07,1.5e-06,1.6e-06,3.84176,-660519,-1.63666e+11
2.22353e-07,4.84706e-07,1.5e-06,1.6e-06,3.83842,-653884,-1.65373e+11
2.22941e-07,4.84706e-07,1.5e-06,1.6e-06,3.8367,-650447,-1.66241e+11
2.23529e-07,4.84706e-07,1.5e-06,1.6e-06,3.83338,-643850,-1.67921e+11
2.24118e-07,4.84706e-07,1.5e-06,1.6e-06,3.83182,-640687,-1.68685e+11
2.24706e-07,4.84706e-07,1.5e-06,1.6e-06,3.83016,-637350,-1.69531e+11
2.25294e-07,4.84706e-07,1.5e-06,1.6e-06,3.82692,-630884,-1.71166e+11
2.25882e-07,4.84706e-07,1.5e-06,1.6e-06,3.82525,-627568,-1.71992e+11
2.26471e-07,4.84706e-07,1.5e-06,1.6e-06,3.82208,-621197,-1.73604e+11
2.27059e-07,4.84706e-07,1.5e-06,1.6e-06,3.82049,-617986,-1.74411e+11
2.27647e-07,4.84706e-07,1.5e-06,1.6e-06,3.81739,-611746,-1.75982e+11
2.28235e-07,4.84706e-07,1.5e-06,1.6e-06,3.81577,-608524,-1.76766e+11
2.28824e-07,4.84706e-07,1.5e-06,1.6e-06,3.81273,-602382,-1.78285e+11
2.29412e-07,4.84706e-07,1.5e-06,1.6e-06,3.81119,-599267,-1.79062e+11
2.3e-07,4.84706e-07,1.5e-06,1.6e-06,3.85137,-662702,-1.50804e+11
2.1e-07,4.85882e-07,1.5e-06,1.6e-06,3.93983,-841495,-1.02003e+11
2.10588e-07,4.85882e-07,1.5e-06,1.6e-06,3.89079,-760178,-1.36706e+11
2.11176e-07,4.85882e-07,1.5e-06,1.6e-06,3.88876,-756155,-1.37793e+11
2.11765e-07,4.85882e-07,1.5e-06,1.6e-06,3.88483,-748404,-1.39885e+11
2.12353e-07,4.85882e-07,1.5e-06,1.6e-06,3.88285,-744452,-1.40946e+11
2.12941e-07,4.85882e-07,1.5e-06,1.6e-06,3.87891,-736728,-1.43001e+11
2.13529e-07,4.85882e-07,1.5e-06,1.6e-06,3.87696,-732841,-1.4404e+11
2.14118e-07,4.85882e-07,1.5e-06,1.6e-06,3.87313,-725281,-1.46052e+11
2.14706e-07,4.85882e-07,1.5e-06,1.6e-06,3.87127,-721522,-1.4707e+11
2.15294e-07,4.85882e-07,1.5e-06,1.6e-06,3.86751,-714075,-1.49043e+11
2.15882e-07,4.85882e-07,1.5e-06,1.6e-06,3.86563,-710319,-1.50036e+11
2.16471e-07,4.85882e-07,1.5e-06,1.6e-06,3.86192,-702969,-1.51963e+11
2.17059e-07,4.85882e-07,1.5e-06,1.6e-06,3.86003,-699224,-1.52938e+11
2.17647e-07,4.85882e-07,1.5e-06,1.6e-06,3.85642,-692009,-1.54839e+11
2.18235e-07,4.85882e-07,1.5e-06,1.6e-06,3.8546,-688381,-1.55786e+11
2.18824e-07,4.85882e-07,1.5e-06,1.6e-06,3.85105,-681289,-1.57627e+11
2.19412e-07,4.85882e-07,1.5e-06,1.6e-06,3.84924,-677689,-1.58551e+11
2.2e-07,4.85882e-07,1.5e-06,1.6e-06,3.89117,-744100,-1.28781e+11
2.20588e-07,4.85882e-07,1.5e-06,1.6e-06,3.84492,-668296,-1.60944e+11
2.21176e-07,4.85882e-07,1.5e-06,1.6e-06,3.84152,-661551,-1.62685e+11
2.21765e-07,4.85882e-07,1.5e-06,1.6e-06,3.8398,-658101,-1.6357e+11
2.22353e-07,4.85882e-07,1.5e-06,1.6e-06,3.83646,-651456,-1.65258e+11
2.22941e-07,4.85882e-07,1.5e-06,1.6e-06,3.83477,-648064,-1.66123e+11
2.23529e-07,4.85882e-07,1.5e-06,1.6e-06,3.83146,-641467,-1.67798e+11
2.24118e-07,4.85882e-07,1.5e-06,1.6e-06,3.8298,-638131,-1.68644e+11
2.24706e-07,4.85882e-07,1.5e-06,1.6e-06,3.82812,-634779,-1.69479e+11
2.25294e-07,4.85882e-07,1.5e-06,1.6e-06,3.82491,-628360,-1.71099e+11
2.25882e-07,4.85882e-07,1.5e-06,1.6e-06,3.8233,-625101,-1.71917e+11
2.26471e-07,4.85882e-07,1.5e-06,1.6e-06,3.82017,-618807,-1.73507e+11
2.27059e-07,4.85882e-07,1.5e-06,1.6e-06,3.81858,-615617,-1.7429e+11
2.27647e-07,4.85882e-07,1.5e-06,1.6e-06,3.81549,-609380,-1.75848e+11
2.28235e-07,4.85882e-07,1.5e-06,1.6e-06,3.81396,-606285,-1.76625e+11
2.28824e-07,4.85882e-07,1.5e-06,1.6e-06,3.81093,-600161,-1.78136e+11
2.29412e-07,4.85882e-07,1.5e-06,1.6e-06,3.8094,-597062,-1.789e+11
2.3e-07,4.85882e-07,1.5e-06,1.6e-06,3.84926,-659969,-1.50869e+11
2.1e-07,4.87059e-07,1.5e-06,1.6e-06,3.93722,-837801,-1.02561e+11
2.10588e-07,4.87059e-07,1.5e-06,1.6e-06,3.88821,-756848,-1.36935e+11
2.11176e-07,4.87059e-07,1.5e-06,1.6e-06,3.88623,-752883,-1.38014e+11
2.11765e-07,4.87059e-07,1.5e-06,1.6e-06,3.88231,-745147,-1.40089e+11
2.12353e-07,4.87059e-07,1.5e-06,1.6e-06,3.88031,-741181,-1.41142e+11
2.12941e-07,4.87059e-07,1.5e-06,1.6e-06,3.87645,-733560,-1.43176e+11
2.13529e-07,4.87059e-07,1.5e-06,1.6e-06,3.87454,-729733,-1.44204e+11
2.14118e-07,4.87059e-07,1.5e-06,1.6e-06,3.87076,-722229,-1.46197e+11
2.14706e-07,4.87059e-07,1.5e-06,1.6e-06,3.86888,-718455,-1.47202e+11
2.15294e-07,4.87059e-07,1.5e-06,1.6e-06,3.86512,-711008,-1.49162e+11
2.15882e-07,4.87059e-07,1.5e-06,1.6e-06,3.86327,-707305,-1.50131e+11
2.16471e-07,4.87059e-07,1.5e-06,1.6e-06,3.85961,-700023,-1.52048e+11
2.17059e-07,4.87059e-07,1.5e-06,1.6e-06,3.85779,-696362,-1.53016e+11
2.17647e-07,4.87059e-07,1.5e-06,1.6e-06,3.85425,-689244,-1.5489e+11
2.18235e-07,4.87059e-07,1.5e-06,1.6e-06,3.85242,-685615,-1.55825e+11
2.18824e-07,4.87059e-07,1.5e-06,1.6e-06,3.84893,-678590,-1.57647e+11
2.19412e-07,4.87059e-07,1.5e-06,1.6e-06,3.84726,-675226,-1.58466e+11
2.2e-07,4.87059e-07,1.5e-06,1.6e-06,3.8888,-741026,-1.28949e+11
2.20588e-07,4.87059e-07,1.5e-06,1.6e-06,3.84282,-665641,-1.60951e+11
2.21176e-07,4.87059e-07,1.5e-06,1.6e-06,3.83942,-658889,-1.62671e+11
2.21765e-07,4.87059e-07,1.5e-06,1.6e-06,3.83771,-655463,-1.63548e+11
2.22353e-07,4.87059e-07,1.5e-06,1.6e-06,3.83441,-648878,-1.65216e+11
2.22941e-07,4.87059e-07,1.5e-06,1.6e-06,3.83276,-645521,-1.66081e+11
2.23529e-07,4.87059e-07,1.5e-06,1.6e-06,3.8295,-639011,-1.67729e+11
2.24118e-07,4.87059e-07,1.5e-06,1.6e-06,3.82787,-635733,-1.68556e+11
2.24706e-07,4.87059e-07,1.5e-06,1.6e-06,3.82624,-632441,-1.69387e+11
2.25294e-07,4.87059e-07,1.5e-06,1.6e-06,3.82309,-626097,-1.70991e+11
2.25882e-07,4.87059e-07,1.5e-06,1.6e-06,3.82149,-622860,-1.71803e+11
2.26471e-07,4.87059e-07,1.5e-06,1.6e-06,3.81837,-616574,-1.73377e+11
2.27059e-07,4.87059e-07,1.5e-06,1.6e-06,3.81677,-613358,-1.74169e+11
2.27647e-07,4.87059e-07,1.5e-06,1.6e-06,3.81371,-607161,-1.75722e+11
2.28235e-07,4.87059e-07,1.5e-06,1.6e-06,3.81216,-604032,-1.76497e+11
2.28824e-07,4.87059e-07,1.5e-06,1.6e-06,3.80914,-597924,-1.77991e+11
2.29412e-07,4.87059e-07,1.5e-06,1.6e-06,3.80765,-594889,-1.78738e+11
2.3e-07,4.87059e-07,1.5e-06,1.6e-06,3.84718,-657257,-1.50935e+11
2.1e-07,4.88235e-07,1.5e-06,1.6e-06,3.93441,-834095,-1.02962e+11
2.10588e-07,4.88235e-07,1.5e-06,1.6e-06,3.88575,-753683,-1.37123e+11
2.11176e-07,4.88235e-07,1.5e-06,1.6e-06,3.88378,-749724,-1.38197e+11
2.11765e-07,4.88235e-07,1.5e-06,1.6e-06,3.87986,-742014,-1.40249e+11
2.12353e-07,4.88235e-07,1.5e-06,1.6e-06,3.87792,-738118,-1.41293e+11
2.12941e-07,4.88235e-07,1.5e-06,1.6e-06,3.87413,-730592,-1.43307e+11
2.13529e-07,4.88235e-07,1.5e-06,1.6e-06,3.87231,-726929,-1.44234e+11
2.14118e-07,4.88235e-07,1.5e-06,1.6e-06,3.86853,-719433,-1.46212e+11
2.14706e-07,4.88235e-07,1.5e-06,1.6e-06,3.86665,-715666,-1.4721e+11
2.15294e-07,4.88235e-07,1.5e-06,1.6e-06,3.86297,-708327,-1.49147e+11
2.15882e-07,4.88235e-07,1.5e-06,1.6e-06,3.86116,-704679,-1.50116e+11
2.16471e-07,4.88235e-07,1.5e-06,1.6e-06,3.85756,-697453,-1.52024e+11
2.17059e-07,4.88235e-07,1.5e-06,1.6e-06,3.85575,-693815,-1.52976e+11
2.17647e-07,4.88235e-07,1.5e-06,1.6e-06,3.85219,-686690,-1.54831e+11
2.18235e-07,4.88235e-07,1.5e-06,1.6e-06,3.85037,-683061,-1.55765e+11
2.18824e-07,4.88235e-07,1.5e-06,1.6e-06,3.84693,-676110,-1.57573e+11
2.19412e-07,4.88235e-07,1.5e-06,1.6e-06,3.84518,-672584,-1.58481e+11
2.2e-07,4.88235e-07,1.5e-06,1.6e-06,3.88638,-737832,-1.29205e+11
2.20588e-07,4.88235e-07,1.5e-06,1.6e-06,3.84075,-663030,-1.60929e+11
2.21176e-07,4.88235e-07,1.5e-06,1.6e-06,3.83742,-656376,-1.62628e+11
2.21765e-07,4.88235e-07,1.5e-06,1.6e-06,3.83573,-652973,-1.63497e+11
2.22353e-07,4.88235e-07,1.5e-06,1.6e-06,3.83249,-646466,-1.65161e+11
2.22941e-07,4.88235e-07,1.5e-06,1.6e-06,3.83084,-643119,-1.6602e+11
2.23529e-07,4.88235e-07,1.5e-06,1.6e-06,3.82761,-636658,-1.67642e+11
2.24118e-07,4.88235e-07,1.5e-06,1.6e-06,3.82599,-633367,-1.68473e+11
2.24706e-07,4.88235e-07,1.5e-06,1.6e-06,3.82434,-630051,-1.69306e+11
2.25294e-07,4.88235e-07,1.5e-06,1.6e-06,3.8212,-623715,-1.70897e+11
2.25882e-07,4.88235e-07,1.5e-06,1.6e-06,3.81959,-620473,-1.71699e+11
2.26471e-07,4.88235e-07,1.5e-06,1.6e-06,3.81649,-614227,-1.7326e+11
2.27059e-07,4.88235e-07,1.5e-06,1.6e-06,3.81495,-611081,-1.74045e+11
2.27647e-07,4.88235e-07,1.5e-06,1.6e-06,3.81194,-604957,-1.75577e+11
2.28235e-07,4.88235e-07,1.5e-06,1.6e-06,3.81041,-601862,-1.76329e+11
2.28824e-07,4.88235e-07,1.5e-06,1.6e-06,3.80745,-595840,-1.77808e+11
2.29412e-07,4.88235e-07,1.5e-06,1.6e-06,3.80595,-592782,-1.78559e+11
2.3e-07,4.88235e-07,1.5e-06,1.6e-06,3.84516,-654654,-1.50977e+11
2.1e-07,4.89412e-07,1.5e-06,1.6e-06,3.93154,-830319,-1.0335e+11
2.10588e-07,4.89412e-07,1.5e-06,1.6e-06,3.88337,-750656,-1.37227e+11
2.11176e-07,4.89412e-07,1.5e-06,1.6e-06,3.88141,-746724,-1.38292e+11
2.11765e-07,4.89412e-07,1.5e-06,1.6e-06,3.87756,-739098,-1.40321e+11
2.12353e-07,4.89412e-07,1.5e-06,1.6e-06,3.87566,-735259,-1.41357e+11
2.12941e-07,4.89412e-07,1.5e-06,1.6e-06,3.87188,-727749,-1.43353e+11
2.13529e-07,4.89412e-07,1.5e-06,1.6e-06,3.86996,-723908,-1.44364e+11
2.14118e-07,4.89412e-07,1.5e-06,1.6e-06,3.86624,-716499,-1.46321e+11
2.14706e-07,4.89412e-07,1.5e-06,1.6e-06,3.86441,-712803,-1.47308e+11
2.15294e-07,4.89412e-07,1.5e-06,1.6e-06,3.86077,-705516,-1.49227e+11
2.15882e-07,4.89412e-07,1.5e-06,1.6e-06,3.85894,-701840,-1.50192e+11
2.16471e-07,4.89412e-07,1.5e-06,1.6e-06,3.85533,-694611,-1.52078e+11
2.17059e-07,4.89412e-07,1.5e-06,1.6e-06,3.85353,-691006,-1.53007e+11
2.17647e-07,4.89412e-07,1.5e-06,1.6e-06,3.85001,-683932,-1.54852e+11
2.18235e-07,4.89412e-07,1.5e-06,1.6e-06,3.84826,-680382,-1.55781e+11
2.18824e-07,4.89412e-07,1.5e-06,1.6e-06,3.84487,-673512,-1.57564e+11
2.19412e-07,4.89412e-07,1.5e-06,1.6e-06,3.84312,-669996,-1.5846e+11
2.2e-07,4.89412e-07,1.5e-06,1.6e-06,3.884,-734712,-1.2941e+11
2.20588e-07,4.89412e-07,1.5e-06,1.6e-06,3.83876,-660520,-1.609e+11
2.21176e-07,4.89412e-07,1.5e-06,1.6e-06,3.8355,-653959,-1.62581e+11
2.21765e-07,4.89412e-07,1.5e-06,1.6e-06,3.83384,-650590,-1.63443e+11
2.22353e-07,4.89412e-07,1.5e-06,1.6e-06,3.83055,-644025,-1.651e+11
2.22941e-07,4.89412e-07,1.5e-06,1.6e-06,3.82891,-640701,-1.65942e+11
2.23529e-07,4.89412e-07,1.5e-06,1.6e-06,3.82572,-634290,-1.67545e+11
2.24118e-07,4.89412e-07,1.5e-06,1.6e-06,3.82411,-631019,-1.68377e+11
2.24706e-07,4.89412e-07,1.5e-06,1.6e-06,3.82252,-627770,-1.69194e+11
2.25294e-07,4.89412e-07,1.5e-06,1.6e-06,3.81942,-621515,-1.7076e+11
2.25882e-07,4.89412e-07,1.5e-06,1.6e-06,3.81785,-618319,-1.71558e+11
2.26471e-07,4.89412e-07,1.5e-06,1.6e-06,3.81481,-612147,-1.73104e+11
2.27059e-07,4.89412e-07,1.5e-06,1.6e-06,3.81327,-609005,-1.73884e+11
2.27647e-07,4.89412e-07,1.5e-06,1.6e-06,3.81026,-602890,-1.75401e+11
2.28235e-07,4.89412e-07,1.5e-06,1.6e-06,3.8087,-599756,-1.76161e+11
2.28824e-07,4.89412e-07,1.5e-06,1.6e-06,3.80577,-593774,-1.77626e+11
2.29412e-07,4.89412e-07,1.5e-06,1.6e-06,3.80429,-590733,-1.7838e+11
2.3e-07,4.89412e-07,1.5e-06,1.6e-06,3.84312,-651983,-1.51032e+11
2.1e-07,4.90588e-07,1.5e-06,1.6e-06,3.92817,-825810,-1.04068e+11
2.10588e-07,4.90588e-07,1.5e-06,1.6e-06,3.88111,-747714,-1.37428e+11
2.11176e-07,4.90588e-07,1.5e-06,1.6e-06,3.87914,-743774,-1.38474e+11
2.11765e-07,4.90588e-07,1.5e-06,1.6e-06,3.87535,-736220,-1.40498e+11
2.12353e-07,4.90588e-07,1.5e-06,1.6e-06,3.87344,-732378,-1.41521e+11
2.12941e-07,4.90588e-07,1.5e-06,1.6e-06,3.86971,-724923,-1.43503e+11
2.13529e-07,4.90588e-07,1.5e-06,1.6e-06,3.86783,-721144,-1.44505e+11
2.14118e-07,4.90588e-07,1.5e-06,1.6e-06,3.86413,-713760,-1.46449e+11
2.14706e-07,4.90588e-07,1.5e-06,1.6e-06,3.86228,-710045,-1.47428e+11
2.15294e-07,4.90588e-07,1.5e-06,1.6e-06,3.85871,-702853,-1.4933e+11
2.15882e-07,4.90588e-07,1.5e-06,1.6e-06,3.85691,-699199,-1.50288e+11
2.16471e-07,4.90588e-07,1.5e-06,1.6e-06,3.85335,-692060,-1.52147e+11
2.17059e-07,4.90588e-07,1.5e-06,1.6e-06,3.85159,-688489,-1.53089e+11
2.17647e-07,4.90588e-07,1.5e-06,1.6e-06,3.84812,-681468,-1.54919e+11
2.18235e-07,4.90588e-07,1.5e-06,1.6e-06,3.84637,-677938,-1.55834e+11
2.18824e-07,4.90588e-07,1.5e-06,1.6e-06,3.84298,-671063,-1.57608e+11
2.19412e-07,4.90588e-07,1.5e-06,1.6e-06,3.84123,-667531,-1.5851e+11
2.2e-07,4.90588e-07,1.5e-06,1.6e-06,3.88104,-730750,-1.29952e+11
2.20588e-07,4.90588e-07,1.5e-06,1.6e-06,3.83687,-658088,-1.60913e+11
2.21176e-07,4.90588e-07,1.5e-06,1.6e-06,3.83361,-651527,-1.62585e+11
2.21765e-07,4.90588e-07,1.5e-06,1.6e-06,3.83195,-648169,-1.6344e+11
2.22353e-07,4.90588e-07,1.5e-06,1.6e-06,3.8287,-641653,-1.65071e+11
2.22941e-07,4.90588e-07,1.5e-06,1.6e-06,3.82712,-638406,-1.65912e+11
2.23529e-07,4.90588e-07,1.5e-06,1.6e-06,3.82397,-632033,-1.6752e+11
2.24118e-07,4.90588e-07,1.5e-06,1.6e-06,3.82237,-628785,-1.68336e+11
2.24706e-07,4.90588e-07,1.5e-06,1.6e-06,3.82079,-625555,-1.69146e+11
2.25294e-07,4.90588e-07,1.5e-06,1.6e-06,3.81768,-619283,-1.70707e+11
2.25882e-07,4.90588e-07,1.5e-06,1.6e-06,3.81614,-616117,-1.71503e+11
2.26471e-07,4.90588e-07,1.5e-06,1.6e-06,3.81311,-609960,-1.73037e+11
2.27059e-07,4.90588e-07,1.5e-06,1.6e-06,3.81143,-606709,-1.73774e+11
2.27647e-07,4.90588e-07,1.5e-06,1.6e-06,3.80845,-600635,-1.75276e+11
2.28235e-07,4.90588e-07,1.5e-06,1.6e-06,3.80695,-597566,-1.76031e+11
2.28824e-07,4.90588e-07,1.5e-06,1.6e-06,3.80404,-591620,-1.77484e+11
2.29412e-07,4.90588e-07,1.5e-06,1.6e-06,3.80257,-588601,-1.78221e+11
2.3e-07,4.90588e-07,1.5e-06,1.6e-06,3.84083,-648820,-1.51397e+11
2.1e-07,4.91765e-07,1.5e-06,1.6e-06,3.92556,-822351,-1.04435e+11
2.10588e-07,4.91765e-07,1.5e-06,1.6e-06,3.87873,-744662,-1.37573e+11
2.11176e-07,4.91765e-07,1.5e-06,1.6e-06,3.87682,-740803,-1.38616e+11
2.11765e-07,4.91765e-07,1.5e-06,1.6e-06,3.87306,-733290,-1.40619e+11
2.12353e-07,4.91765e-07,1.5e-06,1.6e-06,3.87113,-729412,-1.41642e+11
2.12941e-07,4.91765e-07,1.5e-06,1.6e-06,3.8674,-721976,-1.43604e+11
2.13529e-07,4.91765e-07,1.5e-06,1.6e-06,3.86554,-718225,-1.44597e+11
2.14118e-07,4.91765e-07,1.5e-06,1.6e-06,3.86194,-710963,-1.46523e+11
2.14706e-07,4.91765e-07,1.5e-06,1.6e-06,3.86016,-707337,-1.47486e+11
2.15294e-07,4.91765e-07,1.5e-06,1.6e-06,3.85658,-700156,-1.49361e+11
2.15882e-07,4.91765e-07,1.5e-06,1.6e-06,3.8548,-696533,-1.50319e+11
2.16471e-07,4.91765e-07,1.5e-06,1.6e-06,3.8513,-689455,-1.5217e+11
2.17059e-07,4.91765e-07,1.5e-06,1.6e-06,3.84952,-685861,-1.53098e+11
2.17647e-07,4.91765e-07,1.5e-06,1.6e-06,3.84608,-678888,-1.54913e+11
2.18235e-07,4.91765e-07,1.5e-06,1.6e-06,3.84438,-675424,-1.55818e+11
2.18824e-07,4.91765e-07,1.5e-06,1.6e-06,3.841,-668571,-1.57573e+11
2.19412e-07,4.91765e-07,1.5e-06,1.6e-06,3.83932,-665133,-1.58463e+11
2.2e-07,4.91765e-07,1.5e-06,1.6e-06,3.8789,-727988,-1.30059e+11
2.20588e-07,4.91765e-07,1.5e-06,1.6e-06,3.83494,-655662,-1.60852e+11
2.21176e-07,4.91765e-07,1.5e-06,1.6e-06,3.8317,-649142,-1.6251e+11
2.21765e-07,4.91765e-07,1.5e-06,1.6e-06,3.82997,-645742,-1.63321e+11
2.22353e-07,4.91765e-07,1.5e-06,1.6e-06,3.82679,-639312,-1.64954e+11
2.22941e-07,4.91765e-07,1.5e-06,1.6e-06,3.82518,-636032,-1.65781e+11
2.23529e-07,4.91765e-07,1.5e-06,1.6e-06,3.82205,-629693,-1.67374e+11
2.24118e-07,4.91765e-07,1.5e-06,1.6e-06,3.82045,-626451,-1.68176e+11
2.24706e-07,4.91765e-07,1.5e-06,1.6e-06,3.8189,-623263,-1.68983e+11
2.25294e-07,4.91765e-07,1.5e-06,1.6e-06,3.81581,-617010,-1.70533e+11
2.25882e-07,4.91765e-07,1.5e-06,1.6e-06,3.81427,-613854,-1.71318e+11
2.26471e-07,4.91765e-07,1.5e-06,1.6e-06,3.81126,-607732,-1.72837e+11
2.27059e-07,4.91765e-07,1.5e-06,1.6e-06,3.80978,-604674,-1.73601e+11
2.27647e-07,4.91765e-07,1.5e-06,1.6e-06,3.80683,-598637,-1.75091e+11
2.28235e-07,4.91765e-07,1.5e-06,1.6e-06,3.80532,-595560,-1.75836e+11
2.28824e-07,4.91765e-07,1.5e-06,1.6e-06,3.80246,-589678,-1.7728e+11
2.29412e-07,4.91765e-07,1.5e-06,1.6e-06,3.80099,-586677,-1.78e+11
2.3e-07,4.91765e-07,1.5e-06,1.6e-06,3.83906,-646590,-1.51313e+11
2.1e-07,4.92941e-07,1.5e-06,1.6e-06,3.92285,-818739,-1.04843e+11
2.10588e-07,4.92941e-07,1.5e-06,1.6e-06,3.87641,-741689,-1.37703e+11
2.11176e-07,4.92941e-07,1.5e-06,1.6e-06,3.87451,-737838,-1.38741e+11
2.11765e-07,4.92941e-07,1.5e-06,1.6e-06,3.87083,-730438,-1.40718e+11
2.12353e-07,4.92941e-07,1.5e-06,1.6e-06,3.86893,-726620,-1.41722e+11
2.12941e-07,4.92941e-07,1.5e-06,1.6e-06,3.86528,-719279,-1.43672e+11
2.13529e-07,4.92941e-07,1.5e-06,1.6e-06,3.86345,-715555,-1.44655e+11
2.14118e-07,4.92941e-07,1.5e-06,1.6e-06,3.85985,-708312,-1.46564e+11
2.14706e-07,4.92941e-07,1.5e-06,1.6e-06,3.85804,-704645,-1.47528e+11
2.15294e-07,4.92941e-07,1.5e-06,1.6e-06,3.85448,-697470,-1.494e+11
2.15882e-07,4.92941e-07,1.5e-06,1.6e-06,3.8527,-693868,-1.5034e+11
2.16471e-07,4.92941e-07,1.5e-06,1.6e-06,3.84926,-686876,-1.52174e+11
2.17059e-07,4.92941e-07,1.5e-06,1.6e-06,3.84752,-683334,-1.53094e+11
2.17647e-07,4.92941e-07,1.5e-06,1.6e-06,3.8441,-676394,-1.54885e+11
2.18235e-07,4.92941e-07,1.5e-06,1.6e-06,3.8424,-672929,-1.5579e+11
2.18824e-07,4.92941e-07,1.5e-06,1.6e-06,3.83908,-666146,-1.57534e+11
2.19412e-07,4.92941e-07,1.5e-06,1.6e-06,3.8374,-662720,-1.58413e+11
2.2e-07,4.92941e-07,1.5e-06,1.6e-06,3.87666,-725073,-1.30194e+11
2.20588e-07,4.92941e-07,1.5e-06,1.6e-06,3.83296,-653226,-1.60757e+11
2.21176e-07,4.92941e-07,1.5e-06,1.6e-06,3.82975,-646744,-1.62398e+11
2.21765e-07,4.92941e-07,1.5e-06,1.6e-06,3.82813,-643431,-1.63237e+11
2.22353e-07,4.92941e-07,1.5e-06,1.6e-06,3.82498,-637042,-1.64847e+11
2.22941e-07,4.92941e-07,1.5e-06,1.6e-06,3.82335,-633742,-1.65669e+11
2.23529e-07,4.92941e-07,1.5e-06,1.6e-06,3.82024,-627443,-1.67237e+11
2.24118e-07,4.92941e-07,1.5e-06,1.6e-06,3.81869,-624251,-1.68046e+11
2.24706e-07,4.92941e-07,1.5e-06,1.6e-06,3.81717,-621105,-1.68841e+11
2.25294e-07,4.92941e-07,1.5e-06,1.6e-06,3.81414,-614932,-1.70377e+11
2.25882e-07,4.92941e-07,1.5e-06,1.6e-06,3.81261,-611799,-1.71154e+11
2.26471e-07,4.92941e-07,1.5e-06,1.6e-06,3.8096,-605681,-1.72656e+11
2.27059e-07,4.92941e-07,1.5e-06,1.6e-06,3.8081,-602601,-1.73415e+11
2.27647e-07,4.92941e-07,1.5e-06,1.6e-06,3.80519,-596611,-1.74896e+11
2.28235e-07,4.92941e-07,1.5e-06,1.6e-06,3.80373,-593603,-1.75626e+11
2.28824e-07,4.92941e-07,1.5e-06,1.6e-06,3.80088,-587729,-1.77065e+11
2.29412e-07,4.92941e-07,1.5e-06,1.6e-06,3.79943,-584748,-1.7779e+11
2.3e-07,4.92941e-07,1.5e-06,1.6e-06,3.83725,-644296,-1.51226e+11
2.1e-07,4.94118e-07,1.5e-06,1.6e-06,3.92024,-815286,-1.05189e+11
2.10588e-07,4.94118e-07,1.5e-06,1.6e-06,3.87421,-738867,-1.37818e+11
2.11176e-07,4.94118e-07,1.5e-06,1.6e-06,3.87232,-735038,-1.3884e+11
2.11765e-07,4.94118e-07,1.5e-06,1.6e-06,3.86861,-727611,-1.40799e+11
2.12353e-07,4.94118e-07,1.5e-06,1.6e-06,3.86677,-723863,-1.41803e+11
2.12941e-07,4.94118e-07,1.5e-06,1.6e-06,3.86315,-716562,-1.43732e+11
2.13529e-07,4.94118e-07,1.5e-06,1.6e-06,3.86129,-712802,-1.44715e+11
2.14118e-07,4.94118e-07,1.5e-06,1.6e-06,3.8577,-705576,-1.46605e+11
2.14706e-07,4.94118e-07,1.5e-06,1.6e-06,3.85591,-701937,-1.47559e+11
2.15294e-07,4.94118e-07,1.5e-06,1.6e-06,3.85244,-694880,-1.49416e+11
2.15882e-07,4.94118e-07,1.5e-06,1.6e-06,3.85072,-691362,-1.50341e+11
2.16471e-07,4.94118e-07,1.5e-06,1.6e-06,3.84709,-684184,-1.52133e+11
2.17059e-07,4.94118e-07,1.5e-06,1.6e-06,3.84537,-680670,-1.53053e+11
2.17647e-07,4.94118e-07,1.5e-06,1.6e-06,3.84199,-673782,-1.54835e+11
2.18235e-07,4.94118e-07,1.5e-06,1.6e-06,3.84026,-670282,-1.55726e+11
2.18824e-07,4.94118e-07,1.5e-06,1.6e-06,3.83696,-663536,-1.57454e+11
2.19412e-07,4.94118e-07,1.5e-06,1.6e-06,3.8353,-660137,-1.58323e+11
2.2e-07,4.94118e-07,1.5e-06,1.6e-06,3.87469,-722297,-1.30464e+11
2.20588e-07,4.94118e-07,1.5e-06,1.6e-06,3.83116,-650973,-1.60665e+11
2.21176e-07,4.94118e-07,1.5e-06,1.6e-06,3.82797,-644522,-1.62292e+11
2.21765e-07,4.94118e-07,1.5e-06,1.6e-06,3.82633,-641195,-1.63124e+11
2.22353e-07,4.94118e-07,1.5e-06,1.6e-06,3.82321,-634848,-1.6472e+11
2.22941e-07,4.94118e-07,1.5e-06,1.6e-06,3.82167,-631668,-1.65522e+11
2.23529e-07,4.94118e-07,1.5e-06,1.6e-06,3.8186,-625410,-1.67097e+11
2.24118e-07,4.94118e-07,1.5e-06,1.6e-06,3.81706,-622239,-1.67891e+11
2.24706e-07,4.94118e-07,1.5e-06,1.6e-06,3.81552,-619073,-1.6868e+11
2.25294e-07,4.94118e-07,1.5e-06,1.6e-06,3.81251,-612923,-1.70198e+11
2.25882e-07,4.94118e-07,1.5e-06,1.6e-06,3.81099,-609810,-1.70968e+11
2.26471e-07,4.94118e-07,1.5e-06,1.6e-06,3.80811,-603893,-1.7238e+11
2.27059e-07,4.94118e-07,1.5e-06,1.6e-06,3.80662,-600829,-1.73134e+11
2.27647e-07,4.94118e-07,1.5e-06,1.6e-06,3.80372,-594869,-1.74599e+11
2.28235e-07,4.94118e-07,1.5e-06,1.6e-06,3.80226,-591857,-1.75334e+11
2.28824e-07,4.94118e-07,1.5e-06,1.6e-06,3.79947,-586067,-1.76747e+11
2.29412e-07,4.94118e-07,1.5e-06,1.6e-06,3.79801,-583079,-1.77463e+11
2.3e-07,4.94118e-07,1.5e-06,1.6e-06,3.83542,-641952,-1.51193e+11
2.1e-07,4.95294e-07,1.5e-06,1.6e-06,3.91772,-811974,-1.0548e+11
2.10588e-07,4.95294e-07,1.5e-06,1.6e-06,3.87196,-735997,-1.37919e+11
2.11176e-07,4.95294e-07,1.5e-06,1.6e-06,3.87009,-732193,-1.38931e+11
2.11765e-07,4.95294e-07,1.5e-06,1.6e-06,3.86626,-724656,-1.40864e+11
2.12353e-07,4.95294e-07,1.5e-06,1.6e-06,3.86443,-720921,-1.41861e+11
2.12941e-07,4.95294e-07,1.5e-06,1.6e-06,3.86088,-713718,-1.43767e+11
2.13529e-07,4.95294e-07,1.5e-06,1.6e-06,3.85905,-710017,-1.4473e+11
2.14118e-07,4.95294e-07,1.5e-06,1.6e-06,3.85552,-702871,-1.46609e+11
2.14706e-07,4.95294e-07,1.5e-06,1.6e-06,3.85376,-699259,-1.47553e+11
2.15294e-07,4.95294e-07,1.5e-06,1.6e-06,3.85028,-692210,-1.49391e+11
2.15882e-07,4.95294e-07,1.5e-06,1.6e-06,3.84854,-688654,-1.50316e+11
2.16471e-07,4.95294e-07,1.5e-06,1.6e-06,3.84511,-681690,-1.52117e+11
2.17059e-07,4.95294e-07,1.5e-06,1.6e-06,3.84341,-678196,-1.5302e+11
2.17647e-07,4.95294e-07,1.5e-06,1.6e-06,3.84008,-671389,-1.54787e+11
2.18235e-07,4.95294e-07,1.5e-06,1.6e-06,3.83841,-667953,-1.55669e+11
2.18824e-07,4.95294e-07,1.5e-06,1.6e-06,3.83513,-661242,-1.57374e+11
2.19412e-07,4.95294e-07,1.5e-06,1.6e-06,3.83349,-657876,-1.58243e+11
2.2e-07,4.95294e-07,1.5e-06,1.6e-06,3.87262,-719640,-1.30528e+11
2.20588e-07,4.95294e-07,1.5e-06,1.6e-06,3.82936,-648718,-1.60564e+11
2.21176e-07,4.95294e-07,1.5e-06,1.6e-06,3.82627,-642453,-1.62089e+11
2.21765e-07,4.95294e-07,1.5e-06,1.6e-06,3.82468,-639179,-1.62915e+11
2.22353e-07,4.95294e-07,1.5e-06,1.6e-06,3.82161,-632903,-1.64499e+11
2.22941e-07,4.95294e-07,1.5e-06,1.6e-06,3.82004,-629687,-1.65306e+11
2.23529e-07,4.95294e-07,1.5e-06,1.6e-06,3.817,-623472,-1.66857e+11
2.24118e-07,4.95294e-07,1.5e-06,1.6e-06,3.81547,-620307,-1.67646e+11
2.24706e-07,4.95294e-07,1.5e-06,1.6e-06,3.81391,-617130,-1.68419e+11
2.25294e-07,4.95294e-07,1.5e-06,1.6e-06,3.81095,-611046,-1.69937e+11
2.25882e-07,4.95294e-07,1.5e-06,1.6e-06,3.80948,-607991,-1.70701e+11
2.26471e-07,4.95294e-07,1.5e-06,1.6e-06,3.80656,-601983,-1.72182e+11
2.27059e-07,4.95294e-07,1.5e-06,1.6e-06,3.80508,-598934,-1.72927e+11
2.27647e-07,4.95294e-07,1.5e-06,1.6e-06,3.80219,-592990,-1.74374e+11
2.28235e-07,4.95294e-07,1.5e-06,1.6e-06,3.80074,-589997,-1.75104e+11
2.28824e-07,4.95294e-07,1.5e-06,1.6e-06,3.79796,-584219,-1.76511e+11
2.29412e-07,4.95294e-07,1.5e-06,1.6e-06,3.79655,-581291,-1.77207e+11
2.3e-07,4.95294e-07,1.5e-06,1.6e-06,3.83365,-639685,-1.51145e+11
2.1e-07,4.96471e-07,1.5e-06,1.6e-06,3.91526,-808748,-1.05753e+11
2.10588e-07,4.96471e-07,1.5e-06,1.6e-06,3.86965,-733084,-1.37987e+11
2.11176e-07,4.96471e-07,1.5e-06,1.6e-06,3.86785,-729377,-1.38983e+11
2.11765e-07,4.96471e-07,1.5e-06,1.6e-06,3.86422,-722054,-1.40918e+11
2.12353e-07,4.96471e-07,1.5e-06,1.6e-06,3.8624,-718340,-1.41898e+11
2.12941e-07,4.96471e-07,1.5e-06,1.6e-06,3.85882,-711116,-1.43785e+11
2.13529e-07,4.96471e-07,1.5e-06,1.6e-06,3.85704,-707466,-1.44752e+11
2.14118e-07,4.96471e-07,1.5e-06,1.6e-06,3.85354,-700359,-1.4661e+11
2.14706e-07,4.96471e-07,1.5e-06,1.6e-06,3.85175,-696714,-1.47553e+11
2.15294e-07,4.96471e-07,1.5e-06,1.6e-06,3.84828,-689681,-1.49373e+11
2.15882e-07,4.96471e-07,1.5e-06,1.6e-06,3.84655,-686138,-1.5029e+11
2.16471e-07,4.96471e-07,1.5e-06,1.6e-06,3.84319,-679268,-1.52079e+11
2.17059e-07,4.96471e-07,1.5e-06,1.6e-06,3.84154,-675855,-1.52968e+11
2.17647e-07,4.96471e-07,1.5e-06,1.6e-06,3.83822,-669054,-1.54721e+11
2.18235e-07,4.96471e-07,1.5e-06,1.6e-06,3.83657,-665665,-1.55583e+11
2.18824e-07,4.96471e-07,1.5e-06,1.6e-06,3.83334,-659006,-1.57292e+11
2.19412e-07,4.96471e-07,1.5e-06,1.6e-06,3.83171,-655650,-1.58147e+11
2.2e-07,4.96471e-07,1.5e-06,1.6e-06,3.87056,-716998,-1.30567e+11
2.20588e-07,4.96471e-07,1.5e-06,1.6e-06,3.82771,-646722,-1.60358e+11
2.21176e-07,4.96471e-07,1.5e-06,1.6e-06,3.82458,-640359,-1.61957e+11
2.21765e-07,4.96471e-07,1.5e-06,1.6e-06,3.82303,-637131,-1.62779e+11
2.22353e-07,4.96471e-07,1.5e-06,1.6e-06,3.81996,-630865,-1.64348e+11
2.22941e-07,4.96471e-07,1.5e-06,1.6e-06,3.81838,-627635,-1.65146e+11
2.23529e-07,4.96471e-07,1.5e-06,1.6e-06,3.81537,-621457,-1.66685e+11
2.24118e-07,4.96471e-07,1.5e-06,1.6e-06,3.81388,-618361,-1.67452e+11
2.24706e-07,4.96471e-07,1.5e-06,1.6e-06,3.81237,-615233,-1.68237e+11
2.25294e-07,4.96471e-07,1.5e-06,1.6e-06,3.80942,-609176,-1.69735e+11
2.25882e-07,4.96471e-07,1.5e-06,1.6e-06,3.80794,-606102,-1.70493e+11
2.26471e-07,4.96471e-07,1.5e-06,1.6e-06,3.80504,-600128,-1.71962e+11
2.27059e-07,4.96471e-07,1.5e-06,1.6e-06,3.80357,-597090,-1.72696e+11
2.27647e-07,4.96471e-07,1.5e-06,1.6e-06,3.80073,-591212,-1.74139e+11
2.28235e-07,4.96471e-07,1.5e-06,1.6e-06,3.79927,-588198,-1.74864e+11
2.28824e-07,4.96471e-07,1.5e-06,1.6e-06,3.7965,-582438,-1.76254e+11
2.29412e-07,4.96471e-07,1.5e-06,1.6e-06,3.79509,-579511,-1.76962e+11
2.3e-07,4.96471e-07,1.5e-06,1.6e-06,3.8319,-637436,-1.51106e+11
2.1e-07,4.97647e-07,1.5e-06,1.6e-06,3.91307,-805636,-1.0615e+11
2.10588e-07,4.97647e-07,1.5e-06,1.6e-06,3.86756,-730435,-1.38044e+11
2.11176e-07,4.97647e-07,1.5e-06,1.6e-06,3.86573,-726682,-1.3904e+11
2.11765e-07,4.97647e-07,1.5e-06,1.6e-06,3.86214,-719411,-1.40956e+11
2.12353e-07,4.97647e-07,1.5e-06,1.6e-06,3.8603,-715670,-1.41933e+11
2.12941e-07,4.97647e-07,1.5e-06,1.6e-06,3.85678,-708529,-1.438e+11
2.13529e-07,4.97647e-07,1.5e-06,1.6e-06,3.85506,-704960,-1.44754e+11
2.14118e-07,4.97647e-07,1.5e-06,1.6e-06,3.85159,-697899,-1.46597e+11
2.14706e-07,4.97647e-07,1.5e-06,1.6e-06,3.84983,-694311,-1.47522e+11
2.15294e-07,4.97647e-07,1.5e-06,1.6e-06,3.84645,-687372,-1.49334e+11
2.15882e-07,4.97647e-07,1.5e-06,1.6e-06,3.84474,-683866,-1.50242e+11
2.16471e-07,4.97647e-07,1.5e-06,1.6e-06,3.84148,-677175,-1.51925e+11
2.17059e-07,4.97647e-07,1.5e-06,1.6e-06,3.83981,-673724,-1.52814e+11
2.17647e-07,4.97647e-07,1.5e-06,1.6e-06,3.83652,-666969,-1.54552e+11
2.18235e-07,4.97647e-07,1.5e-06,1.6e-06,3.83485,-663543,-1.55419e+11
2.18824e-07,4.97647e-07,1.5e-06,1.6e-06,3.83168,-656978,-1.57101e+11
2.19412e-07,4.97647e-07,1.5e-06,1.6e-06,3.83006,-653643,-1.57949e+11
2.2e-07,4.97647e-07,1.5e-06,1.6e-06,3.86856,-714398,-1.30644e+11
2.20588e-07,4.97647e-07,1.5e-06,1.6e-06,3.82599,-644578,-1.60228e+11
2.21176e-07,4.97647e-07,1.5e-06,1.6e-06,3.8229,-638264,-1.6182e+11
2.21765e-07,4.97647e-07,1.5e-06,1.6e-06,3.82134,-635034,-1.62632e+11
2.22353e-07,4.97647e-07,1.5e-06,1.6e-06,3.81828,-628785,-1.64181e+11
2.22941e-07,4.97647e-07,1.5e-06,1.6e-06,3.81677,-625633,-1.64978e+11
2.23529e-07,4.97647e-07,1.5e-06,1.6e-06,3.81379,-619505,-1.66501e+11
2.24118e-07,4.97647e-07,1.5e-06,1.6e-06,3.81228,-616379,-1.67277e+11
2.24706e-07,4.97647e-07,1.5e-06,1.6e-06,3.81078,-613274,-1.68045e+11
2.25294e-07,4.97647e-07,1.5e-06,1.6e-06,3.80786,-607251,-1.69532e+11
2.25882e-07,4.97647e-07,1.5e-06,1.6e-06,3.80636,-604161,-1.70283e+11
2.26471e-07,4.97647e-07,1.5e-06,1.6e-06,3.8035,-598240,-1.71737e+11
2.27059e-07,4.97647e-07,1.5e-06,1.6e-06,3.80208,-595270,-1.72472e+11
2.27647e-07,4.97647e-07,1.5e-06,1.6e-06,3.79926,-589417,-1.73901e+11
2.28235e-07,4.97647e-07,1.5e-06,1.6e-06,3.79784,-586460,-1.74618e+11
2.28824e-07,4.97647e-07,1.5e-06,1.6e-06,3.79509,-580732,-1.75999e+11
2.29412e-07,4.97647e-07,1.5e-06,1.6e-06,3.79368,-577805,-1.76694e+11
2.1e-07,4.8e-07,1.5e-06,1.6e-06,3.95608,-863249,-9.88925e+10
2.12222e-07,4.8e-07,1.5e-06,1.6e-06,3.89661,-762547,-1.39433e+11
2.14444e-07,4.8e-07,1.5e-06,1.6e-06,3.88485,-739610,-1.45612e+11
2.16667e-07,4.8e-07,1.5e-06,1.6e-06,3.87348,-717347,-1.51558e+11
2.18889e-07,4.8e-07,1.5e-06,1.6e-06,3.86254,-695808,-1.57245e+11
2.21111e-07,4.8e-07,1.5e-06,1.6e-06,3.8527,-675859,-1.62445e+11
2.23333e-07,4.8e-07,1.5e-06,1.6e-06,3.84423,-659149,-1.66762e+11
2.25556e-07,4.8e-07,1.5e-06,1.6e-06,3.83435,-639655,-1.71747e+11
2.27778e-07,4.8e-07,1.5e-06,1.6e-06,3.82481,-620738,-1.76537e+11
2.3e-07,4.8e-07,1.5e-06,1.6e-06,3.86049,-674720,-1.50128e+11
2.1e-07,4.84444e-07,1.5e-06,1.6e-06,3.94346,-846336,-1.01414e+11
2.12222e-07,4.84444e-07,1.5e-06,1.6e-06,3.88657,-749507,-1.4046e+11
2.1e-07,4.8e-07,1.5e-06,1.6e-06,3.95608,-863249,-9.88925e+10
2.12222e-07,4.8e-07,1.5e-06,1.6e-06,3.89661,-762547,-1.39433e+11
2.14444e-07,4.8e-07,1.5e-06,1.6e-06,3.88485,-739610,-1.45612e+11
2.16667e-07,4.8e-07,1.5e-06,1.6e-06,3.87348,-717347,-1.51558e+11
2.18889e-07,4.8e-07,1.5e-06,1.6e-06,3.86254,-695808,-1.57245e+11
2.21111e-07,4.8e-07,1.5e-06,1.6e-06,3.8527,-675859,-1.62445e+11
2.23333e-07,4.8e-07,1.5e-06,1.6e-06,3.84423,-659149,-1.66762e+11
2.25556e-07,4.8e-07,1.5e-06,1.6e-06,3.83435,-639655,-1.71747e+11
2.27778e-07,4.8e-07,1.5e-06,1.6e-06,3.82481,-620738,-1.76537e+11
2.3e-07,4.8e-07,1.5e-06,1.6e-06,3.86049,-674720,-1.50128e+11
2.1e-07,4.84444e-07,1.5e-06,1.6e-06,3.94346,-846336,-1.01414e+11
2.12222e-07,4.84444e-07,1.5e-06,1.6e-06,3.88657,-749507,-1.4046e+11
2.14444e-07,4.84444e-07,1.5e-06,1.6e-06,3.8753,-727248,-1.46431e+11
2.16667e-07,4.84444e-07,1.5e-06,1.6e-06,3.86413,-705344,-1.52163e+11
2.18889e-07,4.84444e-07,1.5e-06,1.6e-06,3.85358,-684359,-1.5766e+11
2.21111e-07,4.84444e-07,1.5e-06,1.6e-06,3.84415,-664970,-1.62674e+11
2.23333e-07,4.84444e-07,1.5e-06,1.6e-06,3.83603,-648755,-1.66831e+11
2.25556e-07,4.84444e-07,1.5e-06,1.6e-06,3.8266,-629932,-1.71557e+11
2.27778e-07,4.84444e-07,1.5e-06,1.6e-06,3.81739,-611471,-1.76188e+11
2.3e-07,4.84444e-07,1.5e-06,1.6e-06,3.85186,-663358,-1.50768e+11
2.1e-07,4.88889e-07,1.5e-06,1.6e-06,3.93279,-831965,-1.03184e+11
2.12222e-07,4.88889e-07,1.5e-06,1.6e-06,3.8771,-737418,-1.41065e+11
2.14444e-07,4.88889e-07,1.5e-06,1.6e-06,3.86625,-715758,-1.46817e+11
2.16667e-07,4.88889e-07,1.5e-06,1.6e-06,3.85565,-694580,-1.52373e+11
2.18889e-07,4.88889e-07,1.5e-06,1.6e-06,3.84559,-674280,-1.57655e+11
2.21111e-07,4.88889e-07,1.5e-06,1.6e-06,3.83656,-655439,-1.62505e+11
2.23333e-07,4.88889e-07,1.5e-06,1.6e-06,3.82869,-639588,-1.66533e+11
2.25556e-07,4.88889e-07,1.5e-06,1.6e-06,3.81952,-621092,-1.71168e+11
2.27778e-07,4.88889e-07,1.5e-06,1.6e-06,3.81065,-603102,-1.75644e+11
2.3e-07,4.88889e-07,1.5e-06,1.6e-06,3.84401,-653158,-1.51003e+11
2.1e-07,4.93333e-07,1.5e-06,1.6e-06,3.92198,-817593,-1.04961e+11
2.12222e-07,4.93333e-07,1.5e-06,1.6e-06,3.86861,-726515,-1.41528e+11
2.14444e-07,4.93333e-07,1.5e-06,1.6e-06,3.85813,-705368,-1.47118e+11
2.16667e-07,4.93333e-07,1.5e-06,1.6e-06,3.848,-684830,-1.52482e+11
2.18889e-07,4.93333e-07,1.5e-06,1.6e-06,3.83822,-664916,-1.57615e+11
2.21111e-07,4.93333e-07,1.5e-06,1.6e-06,3.82934,-646367,-1.62278e+11
2.23333e-07,4.93333e-07,1.5e-06,1.6e-06,3.82175,-630901,-1.66165e+11
2.25556e-07,4.93333e-07,1.5e-06,1.6e-06,3.81289,-612848,-1.70663e+11
2.27778e-07,4.93333e-07,1.5e-06,1.6e-06,3.80437,-595340,-1.74986e+11
2.3e-07,4.93333e-07,1.5e-06,1.6e-06,3.83666,-643561,-1.51186e+11
2.1e-07,4.97778e-07,1.5e-06,1.6e-06,3.91281,-805311,-1.06171e+11
2.12222e-07,4.97778e-07,1.5e-06,1.6e-06,3.86052,-716273,-1.41707e+11
2.14444e-07,4.97778e-07,1.5e-06,1.6e-06,3.85039,-695615,-1.47112e+11
2.16667e-07,4.97778e-07,1.5e-06,1.6e-06,3.84075,-675811,-1.52215e+11
2.18889e-07,4.97778e-07,1.5e-06,1.6e-06,3.83126,-656310,-1.57188e+11
2.21111e-07,4.97778e-07,1.5e-06,1.6e-06,3.82292,-638431,-1.61709e+11
2.23333e-07,4.97778e-07,1.5e-06,1.6e-06,3.81558,-623320,-1.65482e+11
2.25556e-07,4.97778e-07,1.5e-06,1.6e-06,3.80704,-605695,-1.69834e+11
2.27778e-07,4.97778e-07,1.5e-06,1.6e-06,3.79879,-588561,-1.74036e+11
2.3e-07,4.97778e-07,1.5e-06,1.6e-06,3.83001,-635021,-1.51019e+11
2.1e-07,5.02222e-07,1.5e-06,1.6e-06,3.90345,-792989,-1.07328e+11
2.12222e-07,5.02222e-07,1.5e-06,1.6e-06,3.85337,-707228,-1.41661e+11
2.14444e-07,5.02222e-07,1.5e-06,1.6e-06,3.84363,-687109,-1.46894e+11
2.16667e-07,5.02222e-07,1.5e-06,1.6e-06,3.83421,-667574,-1.51923e+11
2.18889e-07,5.02222e-07,1.5e-06,1.6e-06,3.8251,-648588,-1.56754e+11
2.21111e-07,5.02222e-07,1.5e-06,1.6e-06,3.81684,-630923,-1.61102e+11
2.23333e-07,5.02222e-07,1.5e-06,1.6e-06,3.8098,-616220,-1.64763e+11
2.25556e-07,5.02222e-07,1.5e-06,1.6e-06,3.8015,-598922,-1.69002e+11
2.27778e-07,5.02222e-07,1.5e-06,1.6e-06,3.79353,-582190,-1.7306e+11
2.3e-07,5.02222e-07,1.5e-06,1.6e-06,3.82359,-626671,-1.50938e+11
2.1e-07,5.06667e-07,1.5e-06,1.6e-06,3.89535,-782411,-1.07971e+11
2.12222e-07,5.06667e-07,1.5e-06,1.6e-06,3.84651,-698659,-1.41421e+11
2.14444e-07,5.06667e-07,1.5e-06,1.6e-06,3.83709,-678995,-1.46497e+11
2.16667e-07,5.06667e-07,1.5e-06,1.6e-06,3.82796,-659875,-1.51378e+11
2.18889e-07,5.06667e-07,1.5e-06,1.6e-06,3.81915,-641317,-1.5606e+11
2.21111e-07,5.06667e-07,1.5e-06,1.6e-06,3.81144,-624344,-1.60238e+11
2.23333e-07,5.06667e-07,1.5e-06,1.6e-06,3.80462,-609948,-1.63783e+11
2.25556e-07,5.06667e-07,1.5e-06,1.6e-06,3.79658,-593032,-1.6788e+11
2.27778e-07,5.06667e-07,1.5e-06,1.6e-06,3.78887,-576653,-1.7184e+11
2.3e-07,5.06667e-07,1.5e-06,1.6e-06,3.81802,-619636,-1.50397e+11
2.1e-07,5.11111e-07,1.5e-06,1.6e-06,3.88746,-771902,-1.08791e+11
2.12222e-07,5.11111e-07,1.5e-06,1.6e-06,3.84045,-691099,-1.4101e+11
2.14444e-07,5.11111e-07,1.5e-06,1.6e-06,3.83134,-671859,-1.45957e+11
2.16667e-07,5.11111e-07,1.5e-06,1.6e-06,3.82252,-653158,-1.50705e+11
2.18889e-07,5.11111e-07,1.5e-06,1.6e-06,3.81401,-635022,-1.55249e+11
2.21111e-07,5.11111e-07,1.5e-06,1.6e-06,3.80642,-618218,-1.59378e+11
2.23333e-07,5.11111e-07,1.5e-06,1.6e-06,3.79974,-604069,-1.62792e+11
2.25556e-07,5.11111e-07,1.5e-06,1.6e-06,3.79197,-587514,-1.66784e+11
2.27778e-07,5.11111e-07,1.5e-06,1.6e-06,3.78446,-571415,-1.70631e+11
2.3e-07,5.11111e-07,1.5e-06,1.6e-06,3.81249,-612483,-1.50049e+11
2.1e-07,5.15556e-07,1.5e-06,1.6e-06,3.88042,-762775,-1.09072e+11
2.12222e-07,5.15556e-07,1.5e-06,1.6e-06,3.83462,-683920,-1.40452e+11
2.14444e-07,5.15556e-07,1.5e-06,1.6e-06,3.82578,-665069,-1.45257e+11
2.16667e-07,5.15556e-07,1.5e-06,1.6e-06,3.81722,-646741,-1.49869e+11
2.18889e-07,5.15556e-07,1.5e-06,1.6e-06,3.80897,-628964,-1.54291e+11
2.21111e-07,5.15556e-07,1.5e-06,1.6e-06,3.80178,-612724,-1.58232e+11
2.23333e-07,5.15556e-07,1.5e-06,1.6e-06,3.79536,-598879,-1.6159e+11
2.25556e-07,5.15556e-07,1.5e-06,1.6e-06,3.78785,-582680,-1.65473e+11
2.27778e-07,5.15556e-07,1.5e-06,1.6e-06,3.78058,-566936,-1.69206e+11
2.3e-07,5.15556e-07,1.5e-06,1.6e-06,3.80777,-606660,-1.4919e+11
2.1e-07,5.2e-07,1.5e-06,1.6e-06,3.8741,-754501,-1.09211e+11
2.12222e-07,5.2e-07,1.5e-06,1.6e-06,3.82944,-677597,-1.39706e+11
2.14444e-07,5.2e-07,1.5e-06,1.6e-06,3.82087,-659138,-1.44371e+11
2.16667e-07,5.2e-07,1.5e-06,1.6e-06,3.81258,-641177,-1.48865e+11
2.18889e-07,5.2e-07,1.5e-06,1.6e-06,3.80459,-623754,-1.53167e+11
2.21111e-07,5.2e-07,1.5e-06,1.6e-06,3.79753,-607678,-1.57079e+11
2.23333e-07,5.2e-07,1.5e-06,1.6e-06,3.7913,-594089,-1.60352e+11
2.25556e-07,5.2e-07,1.5e-06,1.6e-06,3.784,-578190,-1.64138e+11
2.27778e-07,5.2e-07,1.5e-06,1.6e-06,3.77694,-562720,-1.67781e+11
2.3e-07,5.2e-07,1.5e-06,1.6e-06,3.8033,-601089,-1.48362e+11
2.1e-07,3.2e-07,1.5e-06,1.6e-06,6.45469,-4.43538e+06,9.75399e+11
2.12222e-07,3.2e-07,1.5e-06,1.6e-06,0,0,0
2.14444e-07,3.2e-07,1.5e-06,1.6e-06,0,0,0
2.16667e-07,3.2e-07,1.5e-06,1.6e-06,0,0,0
2.18889e-07,3.2e-07,1.5e-06,1.6e-06,6.49785,-4.37978e+06,9.19324e+11
2.21111e-07,3.2e-07,1.5e-06,1.6e-06,6.43283,-4.27838e+06,8.84372e+11
2.23333e-07,3.2e-07,1.5e-06,1.6e-06,6.37964,-4.19579e+06,8.55992e+11
2.25556e-07,3.2e-07,1.5e-06,1.6e-06,6.31637,-4.09789e+06,8.22451e+11
2.27778e-07,3.2e-07,1.5e-06,1.6e-06,6.2538,-4.0013e+06,7.89456e+11
2.3e-07,3.2e-07,1.5e-06,1.6e-06,6.03723,-3.75196e+06,7.35584e+11
2.1e-07,3.25556e-07,1.5e-06,1.6e-06,6.24405,-4.121e+06,8.69576e+11
2.12222e-07,3.25556e-07,1.5e-06,1.6e-06,6.42309,-4.29525e+06,8.95956e+11
2.14444e-07,3.25556e-07,1.5e-06,1.6e-06,6.35882,-4.19451e+06,8.61154e+11
2.16667e-07,3.25556e-07,1.5e-06,1.6e-06,6.29555,-4.09555e+06,8.27055e+11
2.18889e-07,3.25556e-07,1.5e-06,1.6e-06,6.22584,-3.98801e+06,7.90313e+11
2.21111e-07,3.25556e-07,1.5e-06,1.6e-06,6.16171,-3.88871e+06,7.56419e+11
2.23333e-07,3.25556e-07,1.5e-06,1.6e-06,6.11029,-3.80924e+06,7.29338e+11
2.25556e-07,3.25556e-07,1.5e-06,1.6e-06,6.04829,-3.71382e+06,6.96945e+11
2.27778e-07,3.25556e-07,1.5e-06,1.6e-06,5.98589,-3.6184e+06,6.64762e+11
2.3e-07,3.25556e-07,1.5e-06,1.6e-06,5.82418,-3.44143e+06,6.33874e+11
2.1e-07,3.31111e-07,1.5e-06,1.6e-06,6.03976,-3.8199e+06,7.69658e+11
2.12222e-07,3.31111e-07,1.5e-06,1.6e-06,6.16242,-3.9205e+06,7.729e+11
2.14444e-07,3.31111e-07,1.5e-06,1.6e-06,6.09919,-3.82195e+06,7.39152e+11
2.16667e-07,3.31111e-07,1.5e-06,1.6e-06,6.0368,-3.725e+06,7.06062e+11
2.18889e-07,3.31111e-07,1.5e-06,1.6e-06,5.9751,-3.62939e+06,6.73537e+11
2.21111e-07,3.31111e-07,1.5e-06,1.6e-06,5.91204,-3.53223e+06,6.40666e+11
2.23333e-07,3.31111e-07,1.5e-06,1.6e-06,5.86274,-3.4563e+06,6.15021e+11
2.25556e-07,3.31111e-07,1.5e-06,1.6e-06,5.8038,-3.36574e+06,5.84508e+11
2.27778e-07,3.31111e-07,1.5e-06,1.6e-06,5.74625,-3.27746e+06,5.54864e+11
2.3e-07,3.31111e-07,1.5e-06,1.6e-06,5.62064,-3.14686e+06,5.38312e+11
2.1e-07,3.36667e-07,1.5e-06,1.6e-06,5.84056,-3.52939e+06,6.74512e+11
2.12222e-07,3.36667e-07,1.5e-06,1.6e-06,5.91823,-3.57149e+06,6.59425e+11
2.14444e-07,3.36667e-07,1.5e-06,1.6e-06,5.85663,-3.4759e+06,6.26978e+11
2.16667e-07,3.36667e-07,1.5e-06,1.6e-06,5.79584,-3.38179e+06,5.95124e+11
2.18889e-07,3.36667e-07,1.5e-06,1.6e-06,5.73642,-3.29e+06,5.64173e+11
2.21111e-07,3.36667e-07,1.5e-06,1.6e-06,5.67713,-3.19887e+06,5.33653e+11
2.23333e-07,3.36667e-07,1.5e-06,1.6e-06,5.62952,-3.12569e+06,5.09137e+11
2.25556e-07,3.36667e-07,1.5e-06,1.6e-06,5.57325,-3.0394e+06,4.8033e+11
2.27778e-07,3.36667e-07,1.5e-06,1.6e-06,5.51879,-2.95589e+06,4.52506e+11
2.3e-07,3.36667e-07,1.5e-06,1.6e-06,5.43601,-2.8817e+06,4.53813e+11
2.1e-07,3.42222e-07,1.5e-06,1.6e-06,5.66038,-3.2675e+06,5.8934e+11
2.12222e-07,3.42222e-07,1.5e-06,1.6e-06,5.69887,-3.25959e+06,5.59125e+11
2.14444e-07,3.42222e-07,1.5e-06,1.6e-06,5.63977,-3.16806e+06,5.28307e+11
2.16667e-07,3.42222e-07,1.5e-06,1.6e-06,5.58254,-3.07944e+06,4.9853e+11
2.18889e-07,3.42222e-07,1.5e-06,1.6e-06,5.52747,-2.99422e+06,4.69977e+11
2.21111e-07,3.42222e-07,1.5e-06,1.6e-06,5.47002,-2.90588e+06,4.40572e+11
2.23333e-07,3.42222e-07,1.5e-06,1.6e-06,5.42569,-2.83766e+06,4.17884e+11
2.25556e-07,3.42222e-07,1.5e-06,1.6e-06,5.37322,-2.75703e+06,3.9115e+11
2.27778e-07,3.42222e-07,1.5e-06,1.6e-06,5.32142,-2.67761e+06,3.64917e+11
2.3e-07,3.42222e-07,1.5e-06,1.6e-06,5.264,-2.63546e+06,3.75786e+11
2.1e-07,3.47778e-07,1.5e-06,1.6e-06,5.49206,-3.02433e+06,5.11308e+11
2.12222e-07,3.47778e-07,1.5e-06,1.6e-06,5.49319,-2.96852e+06,4.66521e+11
2.14444e-07,3.47778e-07,1.5e-06,1.6e-06,5.438,-2.88291e+06,4.37887e+11
2.16667e-07,3.47778e-07,1.5e-06,1.6e-06,5.38303,-2.79788e+06,4.09569e+11
2.18889e-07,3.47778e-07,1.5e-06,1.6e-06,5.32893,-2.71455e+06,3.81991e+11
2.21111e-07,3.47778e-07,1.5e-06,1.6e-06,5.27737,-2.6348e+06,3.55593e+11
2.23333e-07,3.47778e-07,1.5e-06,1.6e-06,5.23544,-2.5702e+06,3.34294e+11
2.25556e-07,3.47778e-07,1.5e-06,1.6e-06,5.18653,-2.49494e+06,3.09554e+11
2.27778e-07,3.47778e-07,1.5e-06,1.6e-06,5.13821,-2.42064e+06,2.85197e+11
2.3e-07,3.47778e-07,1.5e-06,1.6e-06,5.11088,-2.41725e+06,3.07898e+11
2.1e-07,3.53333e-07,1.5e-06,1.6e-06,5.32985,-2.79154e+06,4.37204e+11
2.12222e-07,3.53333e-07,1.5e-06,1.6e-06,5.31208,-2.71317e+06,3.86265e+11
2.14444e-07,3.53333e-07,1.5e-06,1.6e-06,5.26058,-2.63306e+06,3.59656e+11
2.16667e-07,3.53333e-07,1.5e-06,1.6e-06,5.20942,-2.55367e+06,3.33383e+11
2.18889e-07,3.53333e-07,1.5e-06,1.6e-06,5.15923,-2.47593e+06,3.07772e+11
2.21111e-07,3.53333e-07,1.5e-06,1.6e-06,5.1104,-2.40035e+06,2.82975e+11
2.23333e-07,3.53333e-07,1.5e-06,1.6e-06,5.07158,-2.3403e+06,2.63308e+11
2.25556e-07,3.53333e-07,1.5e-06,1.6e-06,5.02264,-2.26533e+06,2.38958e+11
2.27778e-07,3.53333e-07,1.5e-06,1.6e-06,4.97779,-2.19615e+06,2.16472e+11
2.3e-07,3.53333e-07,1.5e-06,1.6e-06,4.97228,-2.21991e+06,2.46896e+11
2.1e-07,3.58889e-07,1.5e-06,1.6e-06,5.1868,-2.58693e+06,3.73116e+11
2.12222e-07,3.58889e-07,1.5e-06,1.6e-06,5.14449,-2.47795e+06,3.13308e+11
2.14444e-07,3.58889e-07,1.5e-06,1.6e-06,5.09519,-2.40119e+06,2.88021e+11
2.16667e-07,3.58889e-07,1.5e-06,1.6e-06,5.04757,-2.32705e+06,2.63678e+11
2.18889e-07,3.58889e-07,1.5e-06,1.6e-06,5.00057,-2.254e+06,2.39793e+11
2.21111e-07,3.58889e-07,1.5e-06,1.6e-06,4.95636,-2.18508e+06,2.1733e+11
2.23333e-07,3.58889e-07,1.5e-06,1.6e-06,4.92003,-2.12872e+06,1.99044e+11
2.25556e-07,3.58889e-07,1.5e-06,1.6e-06,4.87705,-2.06216e+06,1.77519e+11
2.27778e-07,3.58889e-07,1.5e-06,1.6e-06,4.83506,-1.99716e+06,1.56589e+11
2.3e-07,3.58889e-07,1.5e-06,1.6e-06,4.84371,-2.03839e+06,1.92029e+11
2.1e-07,3.64444e-07,1.5e-06,1.6e-06,5.05164,-2.39426e+06,3.13096e+11
2.12222e-07,3.64444e-07,1.5e-06,1.6e-06,4.99893,-2.27391e+06,2.5076e+11
2.14444e-07,3.64444e-07,1.5e-06,1.6e-06,4.95353,-2.20285e+06,2.27502e+11
2.16667e-07,3.64444e-07,1.5e-06,1.6e-06,4.90908,-2.13334e+06,2.04844e+11
2.18889e-07,3.64444e-07,1.5e-06,1.6e-06,4.86578,-2.06568e+06,1.82878e+11
2.21111e-07,3.64444e-07,1.5e-06,1.6e-06,4.82118,-1.99652e+06,1.60639e+11
2.23333e-07,3.64444e-07,1.5e-06,1.6e-06,4.78683,-1.94305e+06,1.43442e+11
2.25556e-07,3.64444e-07,1.5e-06,1.6e-06,4.74766,-1.88198e+06,1.23849e+11
2.27778e-07,3.64444e-07,1.5e-06,1.6e-06,4.70895,-1.82172e+06,1.04601e+11
2.3e-07,3.64444e-07,1.5e-06,1.6e-06,4.73089,-1.87893e+06,1.44266e+11
2.1e-07,3.7e-07,1.5e-06,1.6e-06,4.93289,-2.22574e+06,2.61731e+11
2.12222e-07,3.7e-07,1.5e-06,1.6e-06,4.86444,-2.08628e+06,1.94171e+11
2.14444e-07,3.7e-07,1.5e-06,1.6e-06,4.82171,-2.01917e+06,1.72404e+11
2.16667e-07,3.7e-07,1.5e-06,1.6e-06,4.78019,-1.95395e+06,1.5132e+11
2.18889e-07,3.7e-07,1.5e-06,1.6e-06,4.7398,-1.89054e+06,1.30915e+11
2.21111e-07,3.7e-07,1.5e-06,1.6e-06,4.70133,-1.82997e+06,1.11507e+11
2.23333e-07,3.7e-07,1.5e-06,1.6e-06,4.66991,-1.78071e+06,9.57911e+10
2.25556e-07,3.7e-07,1.5e-06,1.6e-06,4.63328,-1.72332e+06,7.75495e+10
2.27778e-07,3.7e-07,1.5e-06,1.6e-06,4.59779,-1.66767e+06,5.99302e+10
2.3e-07,3.7e-07,1.5e-06,1.6e-06,4.62858,-1.73512e+06,1.02122e+11
2.1e-07,3.2e-07,1.26e-06,1.36e-06,4.24206,-1.36536e+06,-9.13483e+10
2.12222e-07,3.2e-07,1.26e-06,1.36e-06,4.1248,-1.13668e+06,-2.02936e+11
2.14444e-07,3.2e-07,1.26e-06,1.36e-06,4.10256,-1.09459e+06,-2.1723e+11
2.16667e-07,3.2e-07,1.26e-06,1.36e-06,4.08113,-1.05394e+06,-2.3095e+11
2.18889e-07,3.2e-07,1.26e-06,1.36e-06,4.06054,-1.01483e+06,-2.4403e+11
2.21111e-07,3.2e-07,1.26e-06,1.36e-06,4.04238,-979298,-2.55878e+11
2.23333e-07,3.2e-07,1.26e-06,1.36e-06,4.02592,-948513,-2.65925e+11
2.25556e-07,3.2e-07,1.26e-06,1.36e-06,4.00768,-913824,-2.77238e+11
2.27778e-07,3.2e-07,1.26e-06,1.36e-06,3.99013,-880384,-2.8806e+11
2.3e-07,3.2e-07,1.26e-06,1.36e-06,4.06849,-1.02993e+06,-2.06939e+11
2.1e-07,3.25556e-07,1.26e-06,1.36e-06,4.17217,-1.25045e+06,-1.26392e+11
2.12222e-07,3.25556e-07,1.26e-06,1.36e-06,4.06143,-1.03476e+06,-2.31267e+11
2.14444e-07,3.25556e-07,1.26e-06,1.36e-06,4.04144,-996391,-2.4407e+11
2.16667e-07,3.25556e-07,1.26e-06,1.36e-06,4.02228,-959466,-2.56324e+11
2.18889e-07,3.25556e-07,1.26e-06,1.36e-06,4.00268,-922224,-2.68372e+11
2.21111e-07,3.25556e-07,1.26e-06,1.36e-06,3.98633,-889733,-2.78956e+11
2.23333e-07,3.25556e-07,1.26e-06,1.36e-06,3.97156,-861722,-2.87906e+11
2.25556e-07,3.25556e-07,1.26e-06,1.36e-06,3.95502,-829843,-2.98054e+11
2.27778e-07,3.25556e-07,1.26e-06,1.36e-06,3.93933,-799601,-3.07466e+11
2.3e-07,3.25556e-07,1.26e-06,1.36e-06,4.015,-942575,-2.30471e+11
2.1e-07,3.31111e-07,1.26e-06,1.36e-06,4.11306,-1.15361e+06,-1.54345e+11
2.12222e-07,3.31111e-07,1.26e-06,1.36e-06,4.007,-947933,-2.5366e+11
2.14444e-07,3.31111e-07,1.26e-06,1.36e-06,3.98879,-912478,-2.65262e+11
2.16667e-07,3.31111e-07,1.26e-06,1.36e-06,3.97136,-878452,-2.76297e+11
2.18889e-07,3.31111e-07,1.26e-06,1.36e-06,3.95463,-845710,-2.86816e+11
2.21111e-07,3.31111e-07,1.26e-06,1.36e-06,3.93964,-815483,-2.96423e+11
2.23333e-07,3.31111e-07,1.26e-06,1.36e-06,3.92639,-790005,-3.04355e+11
2.25556e-07,3.31111e-07,1.26e-06,1.36e-06,3.91145,-760744,-3.13474e+11
2.27778e-07,3.31111e-07,1.26e-06,1.36e-06,3.89724,-732816,-3.22082e+11
2.3e-07,3.31111e-07,1.26e-06,1.36e-06,3.96801,-866316,-2.4979e+11
2.1e-07,3.36667e-07,1.26e-06,1.36e-06,4.06196,-1.07046e+06,-1.76785e+11
2.12222e-07,3.36667e-07,1.26e-06,1.36e-06,3.96022,-873615,-2.71404e+11
2.14444e-07,3.36667e-07,1.26e-06,1.36e-06,3.94361,-840864,-2.81879e+11
2.16667e-07,3.36667e-07,1.26e-06,1.36e-06,3.92761,-809219,-2.91912e+11
2.18889e-07,3.36667e-07,1.26e-06,1.36e-06,3.91245,-779088,-3.01353e+11
2.21111e-07,3.36667e-07,1.26e-06,1.36e-06,3.89941,-752130,-3.09655e+11
2.23333e-07,3.36667e-07,1.26e-06,1.36e-06,3.88724,-728389,-3.16853e+11
2.25556e-07,3.36667e-07,1.26e-06,1.36e-06,3.87371,-701494,-3.24992e+11
2.27778e-07,3.36667e-07,1.26e-06,1.36e-06,3.86078,-675664,-3.32756e+11
2.3e-07,3.36667e-07,1.26e-06,1.36e-06,3.92987,-804683,-2.63465e+11
2.1e-07,3.42222e-07,1.26e-06,1.36e-06,4.01784,-998564,-1.95508e+11
2.12222e-07,3.42222e-07,1.26e-06,1.36e-06,3.92148,-812373,-2.84587e+11
2.14444e-07,3.42222e-07,1.26e-06,1.36e-06,3.90633,-782041,-2.94068e+11
2.16667e-07,3.42222e-07,1.26e-06,1.36e-06,3.89187,-752923,-3.03115e+11
2.18889e-07,3.42222e-07,1.26e-06,1.36e-06,3.87825,-725308,-3.11617e+11
2.21111e-07,3.42222e-07,1.26e-06,1.36e-06,3.86586,-699354,-3.19467e+11
2.23333e-07,3.42222e-07,1.26e-06,1.36e-06,3.85487,-677581,-3.25911e+11
2.25556e-07,3.42222e-07,1.26e-06,1.36e-06,3.84256,-652660,-3.33295e+11
2.27778e-07,3.42222e-07,1.26e-06,1.36e-06,3.83069,-628576,-3.40321e+11
2.3e-07,3.42222e-07,1.26e-06,1.36e-06,3.8955,-749459,-2.75103e+11
2.1e-07,3.47778e-07,1.26e-06,1.36e-06,3.98001,-937056,-2.10201e+11
2.12222e-07,3.47778e-07,1.26e-06,1.36e-06,3.88754,-759153,-2.94688e+11
2.14444e-07,3.47778e-07,1.26e-06,1.36e-06,3.8738,-731131,-3.03287e+11
2.16667e-07,3.47778e-07,1.26e-06,1.36e-06,3.86048,-703924,-3.11507e+11
2.18889e-07,3.47778e-07,1.26e-06,1.36e-06,3.84797,-678262,-3.19062e+11
2.21111e-07,3.47778e-07,1.26e-06,1.36e-06,3.83702,-654608,-3.26125e+11
2.23333e-07,3.47778e-07,1.26e-06,1.36e-06,3.82694,-634324,-3.3195e+11
2.25556e-07,3.47778e-07,1.26e-06,1.36e-06,3.81577,-611317,-3.38572e+11
2.27778e-07,3.47778e-07,1.26e-06,1.36e-06,3.80487,-588799,-3.44981e+11
2.3e-07,3.47778e-07,1.26e-06,1.36e-06,3.86716,-704013,-2.83082e+11
2.1e-07,3.53333e-07,1.26e-06,1.36e-06,3.9458,-882145,-2.22389e+11
2.12222e-07,3.53333e-07,1.26e-06,1.36e-06,3.85948,-715392,-3.01684e+11
2.14444e-07,3.53333e-07,1.26e-06,1.36e-06,3.84694,-689318,-3.09528e+11
2.16667e-07,3.53333e-07,1.26e-06,1.36e-06,3.83473,-663919,-3.17061e+11
2.18889e-07,3.53333e-07,1.26e-06,1.36e-06,3.82306,-639535,-3.24169e+11
2.21111e-07,3.53333e-07,1.26e-06,1.36e-06,3.81298,-617412,-3.30577e+11
2.23333e-07,3.53333e-07,1.26e-06,1.36e-06,3.80374,-598463,-3.359e+11
2.25556e-07,3.53333e-07,1.26e-06,1.36e-06,3.79307,-576408,-3.4193e+11
2.27778e-07,3.53333e-07,1.26e-06,1.36e-06,3.78309,-555415,-3.47737e+11
2.3e-07,3.53333e-07,1.26e-06,1.36e-06,3.84173,-663236,-2.89833e+11
2.1e-07,3.58889e-07,1.26e-06,1.36e-06,3.91757,-836808,-2.31134e+11
2.12222e-07,3.58889e-07,1.26e-06,1.36e-06,3.83525,-678160,-3.06154e+11
2.14444e-07,3.58889e-07,1.26e-06,1.36e-06,3.82351,-653410,-3.13404e+11
2.16667e-07,3.58889e-07,1.26e-06,1.36e-06,3.81232,-629702,-3.20269e+11
2.18889e-07,3.58889e-07,1.26e-06,1.36e-06,3.8015,-606710,-3.26815e+11
2.21111e-07,3.58889e-07,1.26e-06,1.36e-06,3.79242,-586166,-3.32669e+11
2.23333e-07,3.58889e-07,1.26e-06,1.36e-06,3.78392,-568449,-3.3748e+11
2.25556e-07,3.58889e-07,1.26e-06,1.36e-06,3.7743,-547965,-3.43064e+11
2.27778e-07,3.58889e-07,1.26e-06,1.36e-06,3.76505,-528179,-3.48362e+11
2.3e-07,3.58889e-07,1.26e-06,1.36e-06,3.8207,-630306,-2.93271e+11
2.1e-07,3.64444e-07,1.26e-06,1.36e-06,3.89163,-795460,-2.38645e+11
2.12222e-07,3.64444e-07,1.26e-06,1.36e-06,3.81468,-646520,-3.09157e+11
2.14444e-07,3.64444e-07,1.26e-06,1.36e-06,3.80392,-623357,-3.15822e+11
2.16667e-07,3.64444e-07,1.26e-06,1.36e-06,3.79354,-600955,-3.22172e+11
2.18889e-07,3.64444e-07,1.26e-06,1.36e-06,3.78359,-579391,-3.28185e+11
2.21111e-07,3.64444e-07,1.26e-06,1.36e-06,3.77481,-559509,-3.33528e+11
2.23333e-07,3.64444e-07,1.26e-06,1.36e-06,3.76683,-542640,-3.37964e+11
2.25556e-07,3.64444e-07,1.26e-06,1.36e-06,3.75803,-523488,-3.43068e+11
2.27778e-07,3.64444e-07,1.26e-06,1.36e-06,3.74946,-504811,-3.47947e+11
2.3e-07,3.64444e-07,1.26e-06,1.36e-06,3.80194,-600686,-2.96147e+11
2.1e-07,3.7e-07,1.26e-06,1.36e-06,3.87045,-761870,-2.4328e+11
2.12222e-07,3.7e-07,1.26e-06,1.36e-06,3.79693,-619711,-3.10254e+11
2.14444e-07,3.7e-07,1.26e-06,1.36e-06,3.7869,-597809,-3.16379e+11
2.16667e-07,3.7e-07,1.26e-06,1.36e-06,3.77725,-576603,-3.22238e+11
2.18889e-07,3.7e-07,1.26e-06,1.36e-06,3.768,-556189,-3.27778e+11
2.21111e-07,3.7e-07,1.26e-06,1.36e-06,3.76018,-537720,-3.32776e+11
2.23333e-07,3.7e-07,1.26e-06,1.36e-06,3.75282,-521862,-3.36848e+11
2.25556e-07,3.7e-07,1.26e-06,1.36e-06,3.74458,-503617,-3.41567e+11
2.27778e-07,3.7e-07,1.26e-06,1.36e-06,3.73665,-485972,-3.46064e+11
2.3e-07,3.7e-07,1.26e-06,1.36e-06,3.78617,-576207,-2.97078e+11
